time,x,y,z,u,v,w,concentration
0,100,-40,10,0.476604193,0,0,0
0,100,-40,30,0.476577818,0,0,0
0,100,-40,60,0.475068301,0,0,0
0,100,-40,100,0.342746258,0,0,0
1,100,-38,10,0.476604193,0,0,0
1,100,-38,30,0.476577818,0,0,0
1,100,-38,60,0.475068301,0,0,0
1,100,-38,100,0.342746258,0,0,0
2,100,-36,10,0.476604193,0,0,0
2,100,-36,30,0.476577818,0,0,0
2,100,-36,60,0.475068301,0,0,0
2,100,-36,100,0.342746258,0,0,0
3,100,-34,10,0.476604193,0,0,0
3,100,-34,30,0.476577818,0,0,0
3,100,-34,60,0.475068301,0,0,0
3,100,-34,100,0.342746258,0,0,0
4,100,-32,10,0.476604193,0,0,0
4,100,-32,30,0.476577818,0,0,0
4,100,-32,60,0.475068301,0,0,0
4,100,-32,100,0.342746258,0,0,0
5,100,-30,10,0.476604193,0,0,0
5,100,-30,30,0.476577818,0,0,0
5,100,-30,60,0.475068301,0,0,0
5,100,-30,100,0.342746258,0,0,0
6,100,-28,10,0.476604193,0,0,0.00016523595
6,100,-28,30,0.476577818,0,0,0
6,100,-28,60,0.475068301,0,0,0
6,100,-28,100,0.342746258,0,0,0
7,100,-26,10,0.476604193,0,0,0.00253729825
7,100,-26,30,0.476577818,0,0,0
7,100,-26,60,0.475068301,0,0,0
7,100,-26,100,0.342746258,0,0,0
8,100,-24,10,0.476604193,0,0,0.00806482323
8,100,-24,30,0.476577818,0,0,0
8,100,-24,60,0.475068301,0,0,0
8,100,-24,100,0.342746258,0,0,0
9,100,-22,10,0.476604193,0,0,0.0163042881
9,100,-22,30,0.476577818,0,0,0
9,100,-22,60,0.475068301,0,0,0
9,100,-22,100,0.342746258,0,0,0
10,100,-20,10,0.476604193,0,0,0.029334629
10,100,-20,30,0.476577818,0,0,0
10,100,-20,60,0.475068301,0,0,0
10,100,-20,100,0.342746258,0,0,0
11,100,-18,10,0.476604193,0,0,0.0471833013
11,100,-18,30,0.476577818,0,0,0
11,100,-18,60,0.475068301,0,0,0
11,100,-18,100,0.342746258,0,0,0
12,100,-16,10,0.476604193,0,0,0.0719192401
12,100,-16,30,0.476577818,0,0,0.000330130861
12,100,-16,60,0.475068301,0,0,0
12,100,-16,100,0.342746258,0,0,0
13,100,-14,10,0.476604193,0,0,0.102588393
13,100,-14,30,0.476577818,0,0,0.00160514773
13,100,-14,60,0.475068301,0,0,0
13,100,-14,100,0.342746258,0,0,0
14,100,-12,10,0.476604193,0,0,0.139704198
14,100,-12,30,0.476577818,0,0,0.00335223041
14,100,-12,60,0.475068301,0,0,0
14,100,-12,100,0.342746258,0,0,0
15,100,-10,10,0.476604193,0,0,0.184381008
15,100,-10,30,0.476577818,0,0,0.00585661037
15,100,-10,60,0.475068301,0,0,0
15,100,-10,100,0.342746258,0,0,0
16,100,-8,10,0.476604193,0,0,0.233990431
16,100,-8,30,0.476577818,0,0,0.00998224411
16,100,-8,60,0.475068301,0,0,0
16,100,-8,100,0.342746258,0,0,0
17,100,-6,10,0.476604193,0,0,0.284830868
17,100,-6,30,0.476577818,0,0,0.0129985521
17,100,-6,60,0.475068301,0,0,0
17,100,-6,100,0.342746258,0,0,0
18,100,-4,10,0.476604193,0,0,0.336016059
18,100,-4,30,0.476577818,0,0,0.017083101
18,100,-4,60,0.475068301,0,0,0
18,100,-4,100,0.342746258,0,0,0
19,100,-2,10,0.476604193,0,0,0.38176325
19,100,-2,30,0.476577818,0,0,0.0207037125
19,100,-2,60,0.475068301,0,0,0
19,100,-2,100,0.342746258,0,0,0
20,100,0,10,0.476604193,0,0,0.420042485
20,100,0,30,0.476577818,0,0,0.0241390895
20,100,0,60,0.475068301,0,0,0
20,100,0,100,0.342746258,0,0,0
21,100,2,10,0.476604193,0,0,0.447944939
21,100,2,30,0.476577818,0,0,0.0263287276
21,100,2,60,0.475068301,0,0,0
21,100,2,100,0.342746258,0,0,0
22,100,4,10,0.476604193,0,0,0.462122053
22,100,4,30,0.476577818,0,0,0.0280952174
22,100,4,60,0.475068301,0,0,0
22,100,4,100,0.342746258,0,0,0
23,100,6,10,0.476604193,0,0,0.461534888
23,100,6,30,0.476577818,0,0,0.0288648829
23,100,6,60,0.475068301,0,0,0
23,100,6,100,0.342746258,0,0,0
24,100,8,10,0.476604193,0,0,0.447318017
24,100,8,30,0.476577818,0,0,0.0283939447
24,100,8,60,0.475068301,0,0,0
24,100,8,100,0.342746258,0,0,0
25,100,10,10,0.476604193,0,0,0.419806719
25,100,10,30,0.476577818,0,0,0.0266103037
25,100,10,60,0.475068301,0,0,0
25,100,10,100,0.342746258,0,0,0
26,100,12,10,0.476604193,0,0,0.382561803
26,100,12,30,0.476577818,0,0,0.023826452
26,100,12,60,0.475068301,0,0,0
26,100,12,100,0.342746258,0,0,0
27,100,14,10,0.476604193,0,0,0.338613182
27,100,14,30,0.476577818,0,0,0.0209672879
27,100,14,60,0.475068301,0,0,0
27,100,14,100,0.342746258,0,0,0
28,100,16,10,0.476604193,0,0,0.291365206
28,100,16,30,0.476577818,0,0,0.0172889233
28,100,16,60,0.475068301,0,0,0
28,100,16,100,0.342746258,0,0,0
29,100,18,10,0.476604193,0,0,0.243174046
29,100,18,30,0.476577818,0,0,0.0133938165
29,100,18,60,0.475068301,0,0,0
29,100,18,100,0.342746258,0,0,0
30,100,20,10,0.476604193,0,0,0.196851
30,100,20,30,0.476577818,0,0,0.00963687897
30,100,20,60,0.475068301,0,0,0
30,100,20,100,0.342746258,0,0,0
31,100,22,10,0.476604193,0,0,0.154134214
31,100,22,30,0.476577818,0,0,0.00571758673
31,100,22,60,0.475068301,0,0,0
31,100,22,100,0.342746258,0,0,0
32,100,24,10,0.476604193,0,0,0.117340259
32,100,24,30,0.476577818,0,0,0.00301148812
32,100,24,60,0.475068301,0,0,0
32,100,24,100,0.342746258,0,0,0
33,100,26,10,0.476604193,0,0,0.0872297063
33,100,26,30,0.476577818,0,0,0.00113061909
33,100,26,60,0.475068301,0,0,0
33,100,26,100,0.342746258,0,0,0
34,100,28,10,0.476604193,0,0,0.0624441877
34,100,28,30,0.476577818,0,0,0.000452876557
34,100,28,60,0.475068301,0,0,0
34,100,28,100,0.342746258,0,0,0
35,100,30,10,0.476604193,0,0,0.0422845297
35,100,30,30,0.476577818,0,0,0.000122666053
35,100,30,60,0.475068301,0,0,0
35,100,30,100,0.342746258,0,0,0
36,100,32,10,0.476604193,0,0,0.0271248668
36,100,32,30,0.476577818,0,0,0
36,100,32,60,0.475068301,0,0,0
36,100,32,100,0.342746258,0,0,0
37,100,34,10,0.476604193,0,0,0.0150869014
37,100,34,30,0.476577818,0,0,0
37,100,34,60,0.475068301,0,0,0
37,100,34,100,0.342746258,0,0,0
38,100,36,10,0.476604193,0,0,0.00734367035
38,100,36,30,0.476577818,0,0,0
38,100,36,60,0.475068301,0,0,0
38,100,36,100,0.342746258,0,0,0
39,100,38,10,0.476604193,0,0,0.00210457435
39,100,38,30,0.476577818,0,0,0
39,100,38,60,0.475068301,0,0,0
39,100,38,100,0.342746258,0,0,0
40,100,40,10,0.476604193,0,0,0.000289733754
40,100,40,30,0.476577818,0,0,0
40,100,40,60,0.475068301,0,0,0
40,100,40,100,0.342746258,0,0,0
41,102,40,10,0.476604193,0,0,0.000291474513
41,102,40,30,0.476577818,0,0,0
41,102,40,60,0.475068301,0,0,0
41,102,40,100,0.342746258,0,0,0
42,104,40,10,0.476604193,0,0,0.000283710688
42,104,40,30,0.476577818,0,0,0
42,104,40,60,0.475068301,0,0,0
42,104,40,100,0.342746258,0,0,0
43,106,40,10,0.476604193,0,0,0.000277691084
43,106,40,30,0.476577818,0,0,0
43,106,40,60,0.475068301,0,0,0
43,106,40,100,0.342746258,0,0,0
44,108,40,10,0.476604193,0,0,0.00027084793
44,108,40,30,0.476577818,0,0,0
44,108,40,60,0.475068301,0,0,0
44,108,40,100,0.342746258,0,0,0
45,110,40,10,0.476604193,0,0,0.000260985922
45,110,40,30,0.476577818,0,0,0
45,110,40,60,0.475068301,0,0,0
45,110,40,100,0.342746258,0,0,0
46,112,40,10,0.476604193,0,0,0.000242455615
46,112,40,30,0.476577818,0,0,0
46,112,40,60,0.475068301,0,0,0
46,112,40,100,0.342746258,0,0,0
47,114,40,10,0.476604193,0,0,0.000223213283
47,114,40,30,0.476577818,0,0,0
47,114,40,60,0.475068301,0,0,0
47,114,40,100,0.342746258,0,0,0
48,116,40,10,0.476604193,0,0,0.000103483697
48,116,40,30,0.476577818,0,0,0
48,116,40,60,0.475068301,0,0,0
48,116,40,100,0.342746258,0,0,0
49,118,40,10,0.476604193,0,0,0
49,118,40,30,0.476577818,0,0,0
49,118,40,60,0.475068301,0,0,0
49,118,40,100,0.342746258,0,0,0
50,120,40,10,0.476604193,0,0,0
50,120,40,30,0.476577818,0,0,0
50,120,40,60,0.475068301,0,0,0
50,120,40,100,0.342746258,0,0,0
51,122,40,10,0.476604193,0,0,0
51,122,40,30,0.476577818,0,0,0
51,122,40,60,0.475068301,0,0,0
51,122,40,100,0.342746258,0,0,0
52,124,40,10,0.476604193,0,0,0
52,124,40,30,0.476577818,0,0,0
52,124,40,60,0.475068301,0,0,0
52,124,40,100,0.342746258,0,0,0
53,126,40,10,0.476604193,0,0,0
53,126,40,30,0.476577818,0,0,0
53,126,40,60,0.475068301,0,0,0
53,126,40,100,0.342746258,0,0,0
54,128,40,10,0.476604193,0,0,0
54,128,40,30,0.476577818,0,0,0
54,128,40,60,0.475068301,0,0,0
54,128,40,100,0.342746258,0,0,0
55,130,40,10,0.476604193,0,0,0
55,130,40,30,0.476577818,0,0,0
55,130,40,60,0.475068301,0,0,0
55,130,40,100,0.342746258,0,0,0
56,130,38,10,0.476604193,0,0,0
56,130,38,30,0.476577818,0,0,0
56,130,38,60,0.475068301,0,0,0
56,130,38,100,0.342746258,0,0,0
57,130,36,10,0.476604193,0,0,9.97872194e-05
57,130,36,30,0.476577818,0,0,0
57,130,36,60,0.475068301,0,0,0
57,130,36,100,0.342746258,0,0,0
58,130,34,10,0.476604193,0,0,0.000300500484
58,130,34,30,0.476577818,0,0,0
58,130,34,60,0.475068301,0,0,0
58,130,34,100,0.342746258,0,0,0
59,130,32,10,0.476604193,0,0,0.00158458436
59,130,32,30,0.476577818,0,0,0
59,130,32,60,0.475068301,0,0,0
59,130,32,100,0.342746258,0,0,0
60,130,30,10,0.476604193,0,0,0.0043900609
60,130,30,30,0.476577818,0,0,0
60,130,30,60,0.475068301,0,0,0
60,130,30,100,0.342746258,0,0,0
61,130,28,10,0.476604193,0,0,0.00932738837
61,130,28,30,0.476577818,0,0,0
61,130,28,60,0.475068301,0,0,0
61,130,28,100,0.342746258,0,0,0
62,130,26,10,0.476604193,0,0,0.0154140852
62,130,26,30,0.476577818,0,0,0.000226842327
62,130,26,60,0.475068301,0,0,0
62,130,26,100,0.342746258,0,0,0
63,130,24,10,0.476604193,0,0,0.0243771952
63,130,24,30,0.476577818,0,0,0.000737637049
63,130,24,60,0.475068301,0,0,0
63,130,24,100,0.342746258,0,0,0
64,130,22,10,0.476604193,0,0,0.0360886268
64,130,22,30,0.476577818,0,0,0.00171836908
64,130,22,60,0.475068301,0,0,0
64,130,22,100,0.342746258,0,0,0
65,130,20,10,0.476604193,0,0,0.0503684394
65,130,20,30,0.476577818,0,0,0.00365034328
65,130,20,60,0.475068301,0,0,0
65,130,20,100,0.342746258,0,0,0
66,130,18,10,0.476604193,0,0,0.0679604188
66,130,18,30,0.476577818,0,0,0.00587312598
66,130,18,60,0.475068301,0,0,0
66,130,18,100,0.342746258,0,0,0
67,130,16,10,0.476604193,0,0,0.0888614506
67,130,16,30,0.476577818,0,0,0.00930786226
67,130,16,60,0.475068301,0,0,0
67,130,16,100,0.342746258,0,0,0
68,130,14,10,0.476604193,0,0,0.11257156
68,130,14,30,0.476577818,0,0,0.0130945025
68,130,14,60,0.475068301,0,0,0
68,130,14,100,0.342746258,0,0,0
69,130,12,10,0.476604193,0,0,0.138646707
69,130,12,30,0.476577818,0,0,0.0173207447
69,130,12,60,0.475068301,0,0,0
69,130,12,100,0.342746258,0,0,0
70,130,10,10,0.476604193,0,0,0.16610004
70,130,10,30,0.476577818,0,0,0.0222695433
70,130,10,60,0.475068301,0,0,0
70,130,10,100,0.342746258,0,0,0
71,130,8,10,0.476604193,0,0,0.193980545
71,130,8,30,0.476577818,0,0,0.0269234255
71,130,8,60,0.475068301,0,0,0
71,130,8,100,0.342746258,0,0,0
72,130,6,10,0.476604193,0,0,0.221971959
72,130,6,30,0.476577818,0,0,0.031527821
72,130,6,60,0.475068301,0,0,0
72,130,6,100,0.342746258,0,0,0
73,130,4,10,0.476604193,0,0,0.246735722
73,130,4,30,0.476577818,0,0,0.0361121856
73,130,4,60,0.475068301,0,0,0
73,130,4,100,0.342746258,0,0,0
74,130,2,10,0.476604193,0,0,0.26795125
74,130,2,30,0.476577818,0,0,0.0395766795
74,130,2,60,0.475068301,0,0,0
74,130,2,100,0.342746258,0,0,0
75,130,0,10,0.476604193,0,0,0.284033686
75,130,0,30,0.476577818,0,0,0.0423616655
75,130,0,60,0.475068301,0,0,0
75,130,0,100,0.342746258,0,0,0
76,130,-2,10,0.476604193,0,0,0.294240028
76,130,-2,30,0.476577818,0,0,0.0443223417
76,130,-2,60,0.475068301,0,0,0
76,130,-2,100,0.342746258,0,0,0
77,130,-4,10,0.476604193,0,0,0.297885865
77,130,-4,30,0.476577818,0,0,0.0451559238
77,130,-4,60,0.475068301,0,0,0
77,130,-4,100,0.342746258,0,0,0
78,130,-6,10,0.476604193,0,0,0.294505924
78,130,-6,30,0.476577818,0,0,0.0449300297
78,130,-6,60,0.475068301,0,0,0
78,130,-6,100,0.342746258,0,0,0
79,130,-8,10,0.476604193,0,0,0.285664439
79,130,-8,30,0.476577818,0,0,0.0439978316
79,130,-8,60,0.475068301,0,0,0
79,130,-8,100,0.342746258,0,0,0
80,130,-10,10,0.476604193,0,0,0.271749556
80,130,-10,30,0.476577818,0,0,0.0422838368
80,130,-10,60,0.475068301,0,0,0
80,130,-10,100,0.342746258,0,0,0
81,130,-12,10,0.476604193,0,0,0.252859622
81,130,-12,30,0.476577818,0,0,0.0396740213
81,130,-12,60,0.475068301,0,0,0
81,130,-12,100,0.342746258,0,0,0
82,130,-14,10,0.476604193,0,0,0.22969687
82,130,-14,30,0.476577818,0,0,0.0361175984
82,130,-14,60,0.475068301,0,0,0
82,130,-14,100,0.342746258,0,0,0
83,130,-16,10,0.476604193,0,0,0.203706324
83,130,-16,30,0.476577818,0,0,0.0319692343
83,130,-16,60,0.475068301,0,0,0
83,130,-16,100,0.342746258,0,0,0
84,130,-18,10,0.476604193,0,0,0.176854193
84,130,-18,30,0.476577818,0,0,0.0274880677
84,130,-18,60,0.475068301,0,0,0
84,130,-18,100,0.342746258,0,0,0
85,130,-20,10,0.476604193,0,0,0.150662974
85,130,-20,30,0.476577818,0,0,0.0232914221
85,130,-20,60,0.475068301,0,0,0
85,130,-20,100,0.342746258,0,0,0
86,130,-22,10,0.476604193,0,0,0.12490014
86,130,-22,30,0.476577818,0,0,0.0188826267
86,130,-22,60,0.475068301,0,0,0
86,130,-22,100,0.342746258,0,0,0
87,130,-24,10,0.476604193,0,0,0.101395242
87,130,-24,30,0.476577818,0,0,0.0145585742
87,130,-24,60,0.475068301,0,0,0
87,130,-24,100,0.342746258,0,0,0
88,130,-26,10,0.476604193,0,0,0.0807970837
88,130,-26,30,0.476577818,0,0,0.0106443688
88,130,-26,60,0.475068301,0,0,0
88,130,-26,100,0.342746258,0,0,0
89,130,-28,10,0.476604193,0,0,0.0627529994
89,130,-28,30,0.476577818,0,0,0.00686669629
89,130,-28,60,0.475068301,0,0,0
89,130,-28,100,0.342746258,0,0,0
90,130,-30,10,0.476604193,0,0,0.0474208817
90,130,-30,30,0.476577818,0,0,0.00430568028
90,130,-30,60,0.475068301,0,0,0
90,130,-30,100,0.342746258,0,0,0
91,130,-32,10,0.476604193,0,0,0.0347980857
91,130,-32,30,0.476577818,0,0,0.0023534426
91,130,-32,60,0.475068301,0,0,0
91,130,-32,100,0.342746258,0,0,0
92,130,-34,10,0.476604193,0,0,0.0246560909
92,130,-34,30,0.476577818,0,0,0.00142143131
92,130,-34,60,0.475068301,0,0,0
92,130,-34,100,0.342746258,0,0,0
93,130,-36,10,0.476604193,0,0,0.0167686976
93,130,-36,30,0.476577818,0,0,0.000453252927
93,130,-36,60,0.475068301,0,0,0
93,130,-36,100,0.342746258,0,0,0
94,130,-38,10,0.476604193,0,0,0.0102037918
94,130,-38,30,0.476577818,0,0,8.80327207e-05
94,130,-38,60,0.475068301,0,0,0
94,130,-38,100,0.342746258,0,0,0
95,130,-40,10,0.476604193,0,0,0.00521450117
95,130,-40,30,0.476577818,0,0,0
95,130,-40,60,0.475068301,0,0,0
95,130,-40,100,0.342746258,0,0,0
96,132,-40,10,0.476604193,0,0,0.00447683828
96,132,-40,30,0.476577818,0,0,0
96,132,-40,60,0.475068301,0,0,0
96,132,-40,100,0.342746258,0,0,0
97,134,-40,10,0.476604193,0,0,0.00383917848
97,134,-40,30,0.476577818,0,0,0
97,134,-40,60,0.475068301,0,0,0
97,134,-40,100,0.342746258,0,0,0
98,136,-40,10,0.476604193,0,0,0.00329390052
98,136,-40,30,0.476577818,0,0,0
98,136,-40,60,0.475068301,0,0,0
98,136,-40,100,0.342746258,0,0,0
99,138,-40,10,0.476604193,0,0,0.00296491291
99,138,-40,30,0.476577818,0,0,0
99,138,-40,60,0.475068301,0,0,0
99,138,-40,100,0.342746258,0,0,0
100,140,-40,10,0.476604193,0,0,0.00258469675
100,140,-40,30,0.476577818,0,0,0
100,140,-40,60,0.475068301,0,0,0
100,140,-40,100,0.342746258,0,0,0
101,142,-40,10,0.476604193,0,0,0.00213758787
101,142,-40,30,0.476577818,0,0,0
101,142,-40,60,0.475068301,0,0,0
101,142,-40,100,0.342746258,0,0,0
102,144,-40,10,0.476604193,0,0,0.00165248918
102,144,-40,30,0.476577818,0,0,0
102,144,-40,60,0.475068301,0,0,0
102,144,-40,100,0.342746258,0,0,0
103,146,-40,10,0.476604193,0,0,0.00122058508
103,146,-40,30,0.476577818,0,0,0
103,146,-40,60,0.475068301,0,0,0
103,146,-40,100,0.342746258,0,0,0
104,148,-40,10,0.476604193,0,0,0.000888590235
104,148,-40,30,0.476577818,0,0,0
104,148,-40,60,0.475068301,0,0,0
104,148,-40,100,0.342746258,0,0,0
105,150,-40,10,0.476604193,0,0,0.000713074172
105,150,-40,30,0.476577818,0,0,0
105,150,-40,60,0.475068301,0,0,0
105,150,-40,100,0.342746258,0,0,0
106,152,-40,10,0.476604193,0,0,0.000433184206
106,152,-40,30,0.476577818,0,0,0
106,152,-40,60,0.475068301,0,0,0
106,152,-40,100,0.342746258,0,0,0
107,154,-40,10,0.476604193,0,0,7.07642248e-05
107,154,-40,30,0.476577818,0,0,0
107,154,-40,60,0.475068301,0,0,0
107,154,-40,100,0.342746258,0,0,0
108,156,-40,10,0.476604193,0,0,0
108,156,-40,30,0.476577818,0,0,0
108,156,-40,60,0.475068301,0,0,0
108,156,-40,100,0.342746258,0,0,0
109,158,-40,10,0.476604193,0,0,0
109,158,-40,30,0.476577818,0,0,0
109,158,-40,60,0.475068301,0,0,0
109,158,-40,100,0.342746258,0,0,0
110,160,-40,10,0.476604193,0,0,0
110,160,-40,30,0.476577818,0,0,0
110,160,-40,60,0.475068301,0,0,0
110,160,-40,100,0.342746258,0,0,0
111,160,-38,10,0.476604193,0,0,6.51901864e-05
111,160,-38,30,0.476577818,0,0,0
111,160,-38,60,0.475068301,0,0,0
111,160,-38,100,0.342746258,0,0,0
112,160,-36,10,0.476604193,0,0,0.000788849429
112,160,-36,30,0.476577818,0,0,0
112,160,-36,60,0.475068301,0,0,0
112,160,-36,100,0.342746258,0,0,0
113,160,-34,10,0.476604193,0,0,0.00197485252
113,160,-34,30,0.476577818,0,0,0
113,160,-34,60,0.475068301,0,0,0
113,160,-34,100,0.342746258,0,0,0
114,160,-32,10,0.476604193,0,0,0.00361066521
114,160,-32,30,0.476577818,0,0,0
114,160,-32,60,0.475068301,0,0,0
114,160,-32,100,0.342746258,0,0,0
115,160,-30,10,0.476604193,0,0,0.00631752983
115,160,-30,30,0.476577818,0,0,0.000331681338
115,160,-30,60,0.475068301,0,0,0
115,160,-30,100,0.342746258,0,0,0
116,160,-28,10,0.476604193,0,0,0.0105955005
116,160,-28,30,0.476577818,0,0,0.000796106353
116,160,-28,60,0.475068301,0,0,0
116,160,-28,100,0.342746258,0,0,0
117,160,-26,10,0.476604193,0,0,0.0156151559
117,160,-26,30,0.476577818,0,0,0.00171659444
117,160,-26,60,0.475068301,0,0,0
117,160,-26,100,0.342746258,0,0,0
118,160,-24,10,0.476604193,0,0,0.0219991021
118,160,-24,30,0.476577818,0,0,0.00274170632
118,160,-24,60,0.475068301,0,0,0
118,160,-24,100,0.342746258,0,0,0
119,160,-22,10,0.476604193,0,0,0.0303000454
119,160,-22,30,0.476577818,0,0,0.00463552354
119,160,-22,60,0.475068301,0,0,0
119,160,-22,100,0.342746258,0,0,0
120,160,-20,10,0.476604193,0,0,0.040328294
120,160,-20,30,0.476577818,0,0,0.00701385597
120,160,-20,60,0.475068301,0,0,0
120,160,-20,100,0.342746258,0,0,0
121,160,-18,10,0.476604193,0,0,0.0519807227
121,160,-18,30,0.476577818,0,0,0.0102759022
121,160,-18,60,0.475068301,0,0,0
121,160,-18,100,0.342746258,0,0,0
122,160,-16,10,0.476604193,0,0,0.065702796
122,160,-16,30,0.476577818,0,0,0.0135952709
122,160,-16,60,0.475068301,0,0,0
122,160,-16,100,0.342746258,0,0,0
123,160,-14,10,0.476604193,0,0,0.0810820311
123,160,-14,30,0.476577818,0,0,0.0178839043
123,160,-14,60,0.475068301,0,0,0
123,160,-14,100,0.342746258,0,0,0
124,160,-12,10,0.476604193,0,0,0.0978933126
124,160,-12,30,0.476577818,0,0,0.021996716
124,160,-12,60,0.475068301,0,0,0
124,160,-12,100,0.342746258,0,0,0
125,160,-10,10,0.476604193,0,0,0.116013288
125,160,-10,30,0.476577818,0,0,0.0265428834
125,160,-10,60,0.475068301,0,0,0
125,160,-10,100,0.342746258,0,0,0
126,160,-8,10,0.476604193,0,0,0.134638116
126,160,-8,30,0.476577818,0,0,0.0312527977
126,160,-8,60,0.475068301,0,0,0
126,160,-8,100,0.342746258,0,0,0
127,160,-6,10,0.476604193,0,0,0.15342775
127,160,-6,30,0.476577818,0,0,0.0363526978
127,160,-6,60,0.475068301,0,0,0
127,160,-6,100,0.342746258,0,0,0
128,160,-4,10,0.476604193,0,0,0.171541944
128,160,-4,30,0.476577818,0,0,0.0414096005
128,160,-4,60,0.475068301,0,0,0
128,160,-4,100,0.342746258,0,0,0
129,160,-2,10,0.476604193,0,0,0.188223258
129,160,-2,30,0.476577818,0,0,0.0458882973
129,160,-2,60,0.475068301,0,0,0
129,160,-2,100,0.342746258,0,0,0
130,160,0,10,0.476604193,0,0,0.203004345
130,160,0,30,0.476577818,0,0,0.0497250743
130,160,0,60,0.475068301,0,0,0
130,160,0,100,0.342746258,0,0,0
131,160,2,10,0.476604193,0,0,0.214785263
131,160,2,30,0.476577818,0,0,0.053028889
131,160,2,60,0.475068301,0,0,0
131,160,2,100,0.342746258,0,0,0
132,160,4,10,0.476604193,0,0,0.223266959
132,160,4,30,0.476577818,0,0,0.055378519
132,160,4,60,0.475068301,0,0,0
132,160,4,100,0.342746258,0,0,0
133,160,6,10,0.476604193,0,0,0.228057787
133,160,6,30,0.476577818,0,0,0.0569886081
133,160,6,60,0.475068301,0,0,0
133,160,6,100,0.342746258,0,0,0
134,160,8,10,0.476604193,0,0,0.229277641
134,160,8,30,0.476577818,0,0,0.0577671081
134,160,8,60,0.475068301,0,0,0
134,160,8,100,0.342746258,0,0,0
135,160,10,10,0.476604193,0,0,0.22632505
135,160,10,30,0.476577818,0,0,0.0572830848
135,160,10,60,0.475068301,0,0,0
135,160,10,100,0.342746258,0,0,0
136,160,12,10,0.476604193,0,0,0.219706997
136,160,12,30,0.476577818,0,0,0.0559382886
136,160,12,60,0.475068301,0,0,0
136,160,12,100,0.342746258,0,0,0
137,160,14,10,0.476604193,0,0,0.209828958
137,160,14,30,0.476577818,0,0,0.0535846166
137,160,14,60,0.475068301,0,0,0
137,160,14,100,0.342746258,0,0,0
138,160,16,10,0.476604193,0,0,0.197066844
138,160,16,30,0.476577818,0,0,0.0503848009
138,160,16,60,0.475068301,0,0,0
138,160,16,100,0.342746258,0,0,0
139,160,18,10,0.476604193,0,0,0.182088032
139,160,18,30,0.476577818,0,0,0.0467020981
139,160,18,60,0.475068301,0,0,0
139,160,18,100,0.342746258,0,0,0
140,160,20,10,0.476604193,0,0,0.165588304
140,160,20,30,0.476577818,0,0,0.0425252244
140,160,20,60,0.475068301,0,0,0
140,160,20,100,0.342746258,0,0,0
141,160,22,10,0.476604193,0,0,0.148028523
141,160,22,30,0.476577818,0,0,0.0377831273
141,160,22,60,0.475068301,0,0,0
141,160,22,100,0.342746258,0,0,0
142,160,24,10,0.476604193,0,0,0.130312636
142,160,24,30,0.476577818,0,0,0.0327313878
142,160,24,60,0.475068301,0,0,0
142,160,24,100,0.342746258,0,0,0
143,160,26,10,0.476604193,0,0,0.112838402
143,160,26,30,0.476577818,0,0,0.0282515641
143,160,26,60,0.475068301,0,0,0
143,160,26,100,0.342746258,0,0,0
144,160,28,10,0.476604193,0,0,0.0958842635
144,160,28,30,0.476577818,0,0,0.02389572
144,160,28,60,0.475068301,0,0,0
144,160,28,100,0.342746258,0,0,0
145,160,30,10,0.476604193,0,0,0.080700472
145,160,30,30,0.476577818,0,0,0.0197259337
145,160,30,60,0.475068301,0,0,0
145,160,30,100,0.342746258,0,0,0
146,160,32,10,0.476604193,0,0,0.0660395175
146,160,32,30,0.476577818,0,0,0.0160672385
146,160,32,60,0.475068301,0,0,0
146,160,32,100,0.342746258,0,0,0
147,160,34,10,0.476604193,0,0,0.0534669086
147,160,34,30,0.476577818,0,0,0.0123812221
147,160,34,60,0.475068301,0,0,0
147,160,34,100,0.342746258,0,0,0
148,160,36,10,0.476604193,0,0,0.0422893167
148,160,36,30,0.476577818,0,0,0.00858530588
148,160,36,60,0.475068301,0,0,0
148,160,36,100,0.342746258,0,0,0
149,160,38,10,0.476604193,0,0,0.0328172371
149,160,38,30,0.476577818,0,0,0.00589368772
149,160,38,60,0.475068301,0,0,0
149,160,38,100,0.342746258,0,0,0
150,160,40,10,0.476604193,0,0,0.024871761
150,160,40,30,0.476577818,0,0,0.0036347711
150,160,40,60,0.475068301,0,0,0
150,160,40,100,0.342746258,0,0,0
151,158,40,10,0.476604193,0,0,0.0299579464
151,158,40,30,0.476577818,0,0,0.00516922446
151,158,40,60,0.475068301,0,0,0
151,158,40,100,0.342746258,0,0,0
152,156,40,10,0.476604193,0,0,0.0360857174
152,156,40,30,0.476577818,0,0,0.00660093036
152,156,40,60,0.475068301,0,0,0
152,156,40,100,0.342746258,0,0,0
153,154,40,10,0.476604193,0,0,0.0417967625
153,154,40,30,0.476577818,0,0,0.00826633535
153,154,40,60,0.475068301,0,0,0
153,154,40,100,0.342746258,0,0,0
154,152,40,10,0.476604193,0,0,0.0473816767
154,152,40,30,0.476577818,0,0,0.00955990516
154,152,40,60,0.475068301,0,0,0
154,152,40,100,0.342746258,0,0,0
155,150,40,10,0.476604193,0,0,0.0530988835
155,150,40,30,0.476577818,0,0,0.0108946273
155,150,40,60,0.475068301,0,0,0
155,150,40,100,0.342746258,0,0,0
156,148,40,10,0.476604193,0,0,0.0583786704
156,148,40,30,0.476577818,0,0,0.0120599233
156,148,40,60,0.475068301,0,0,0
156,148,40,100,0.342746258,0,0,0
157,146,40,10,0.476604193,0,0,0.0631247982
157,146,40,30,0.476577818,0,0,0.012819076
157,146,40,60,0.475068301,0,0,0
157,146,40,100,0.342746258,0,0,0
158,144,40,10,0.476604193,0,0,0.0672815442
158,144,40,30,0.476577818,0,0,0.0131468568
158,144,40,60,0.475068301,0,0,0
158,144,40,100,0.342746258,0,0,0
159,142,40,10,0.476604193,0,0,0.071358338
159,142,40,30,0.476577818,0,0,0.0133625502
159,142,40,60,0.475068301,0,0,0
159,142,40,100,0.342746258,0,0,0
160,140,40,10,0.476604193,0,0,0.0745478645
160,140,40,30,0.476577818,0,0,0.0132031646
160,140,40,60,0.475068301,0,0,0
160,140,40,100,0.342746258,0,0,0
161,138,40,10,0.476604193,0,0,0.0763508454
161,138,40,30,0.476577818,0,0,0.0128547726
161,138,40,60,0.475068301,0,0,0
161,138,40,100,0.342746258,0,0,0
162,136,40,10,0.476604193,0,0,0.0771913454
162,136,40,30,0.476577818,0,0,0.0118023334
162,136,40,60,0.475068301,0,0,0
162,136,40,100,0.342746258,0,0,0
163,134,40,10,0.476604193,0,0,0.0772856399
163,134,40,30,0.476577818,0,0,0.0108683538
163,134,40,60,0.475068301,0,0,0
163,134,40,100,0.342746258,0,0,0
164,132,40,10,0.476604193,0,0,0.0769592673
164,132,40,30,0.476577818,0,0,0.00933644082
164,132,40,60,0.475068301,0,0,0
164,132,40,100,0.342746258,0,0,0
165,130,40,10,0.476604193,0,0,0.0759938881
165,130,40,30,0.476577818,0,0,0.00809274055
165,130,40,60,0.475068301,0,0,0
165,130,40,100,0.342746258,0,0,0
166,128,40,10,0.476604193,0,0,0.0740293115
166,128,40,30,0.476577818,0,0,0.00677057914
166,128,40,60,0.475068301,0,0,0
166,128,40,100,0.342746258,0,0,0
167,126,40,10,0.476604193,0,0,0.0710750148
167,126,40,30,0.476577818,0,0,0.00496458542
167,126,40,60,0.475068301,0,0,0
167,126,40,100,0.342746258,0,0,0
168,124,40,10,0.476604193,0,0,0.0685196295
168,124,40,30,0.476577818,0,0,0.00328962621
168,124,40,60,0.475068301,0,0,0
168,124,40,100,0.342746258,0,0,0
169,122,40,10,0.476604193,0,0,0.0645866171
169,122,40,30,0.476577818,0,0,0.00230953144
169,122,40,60,0.475068301,0,0,0
169,122,40,100,0.342746258,0,0,0
170,120,40,10,0.476604193,0,0,0.0606388301
170,120,40,30,0.476577818,0,0,0.00178308471
170,120,40,60,0.475068301,0,0,0
170,120,40,100,0.342746258,0,0,0
171,118,40,10,0.476604193,0,0,0.0560524724
171,118,40,30,0.476577818,0,0,0.00117884786
171,118,40,60,0.475068301,0,0,0
171,118,40,100,0.342746258,0,0,0
172,116,40,10,0.476604193,0,0,0.0507202931
172,116,40,30,0.476577818,0,0,0.00091729121
172,116,40,60,0.475068301,0,0,0
172,116,40,100,0.342746258,0,0,0
173,114,40,10,0.476604193,0,0,0.0464484952
173,114,40,30,0.476577818,0,0,0.000532690727
173,114,40,60,0.475068301,0,0,0
173,114,40,100,0.342746258,0,0,0
174,112,40,10,0.476604193,0,0,0.041738607
174,112,40,30,0.476577818,0,0,0.000240710506
174,112,40,60,0.475068301,0,0,0
174,112,40,100,0.342746258,0,0,0
175,110,40,10,0.476604193,0,0,0.0375630446
175,110,40,30,0.476577818,0,0,0.000101027501
175,110,40,60,0.475068301,0,0,0
175,110,40,100,0.342746258,0,0,0
176,108,40,10,0.476604193,0,0,0.0332466476
176,108,40,30,0.476577818,0,0,9.77379532e-05
176,108,40,60,0.475068301,0,0,0
176,108,40,100,0.342746258,0,0,0
177,106,40,10,0.476604193,0,0,0.0287658572
177,106,40,30,0.476577818,0,0,9.40452082e-05
177,106,40,60,0.475068301,0,0,0
177,106,40,100,0.342746258,0,0,0
178,104,40,10,0.476604193,0,0,0.0237781089
178,104,40,30,0.476577818,0,0,8.63415917e-05
178,104,40,60,0.475068301,0,0,0
178,104,40,100,0.342746258,0,0,0
179,102,40,10,0.476604193,0,0,0.0194495115
179,102,40,30,0.476577818,0,0,0
179,102,40,60,0.475068301,0,0,0
179,102,40,100,0.342746258,0,0,0
180,100,40,10,0.476604193,0,0,0.0158343147
180,100,40,30,0.476577818,0,0,0
180,100,40,60,0.475068301,0,0,0
180,100,40,100,0.342746258,0,0,0
181,100,38,10,0.476604193,0,0,0.0369712599
181,100,38,30,0.476577818,0,0,0.000177115624
181,100,38,60,0.475068301,0,0,0
181,100,38,100,0.342746258,0,0,0
182,100,36,10,0.476604193,0,0,0.067548871
182,100,36,30,0.476577818,0,0,0.000424698403
182,100,36,60,0.475068301,0,0,0
182,100,36,100,0.342746258,0,0,0
183,100,34,10,0.476604193,0,0,0.10554295
183,100,34,30,0.476577818,0,0,0.00163906824
183,100,34,60,0.475068301,0,0,0
183,100,34,100,0.342746258,0,0,0
184,100,32,10,0.476604193,0,0,0.156289205
184,100,32,30,0.476577818,0,0,0.006177573
184,100,32,60,0.475068301,0,0,0
184,100,32,100,0.342746258,0,0,0
185,100,30,10,0.476604193,0,0,0.224704534
185,100,30,30,0.476577818,0,0,0.0155346077
185,100,30,60,0.475068301,0,0,0
185,100,30,100,0.342746258,0,0,0
186,100,28,10,0.476604193,0,0,0.312036514
186,100,28,30,0.476577818,0,0,0.0299429037
186,100,28,60,0.475068301,0,0,0
186,100,28,100,0.342746258,0,0,0
187,100,26,10,0.476604193,0,0,0.421761602
187,100,26,30,0.476577818,0,0,0.0470526889
187,100,26,60,0.475068301,0,0,0
187,100,26,100,0.342746258,0,0,0
188,100,24,10,0.476604193,0,0,0.557106137
188,100,24,30,0.476577818,0,0,0.068230167
188,100,24,60,0.475068301,0,0,0
188,100,24,100,0.342746258,0,0,0
189,100,22,10,0.476604193,0,0,0.719296396
189,100,22,30,0.476577818,0,0,0.0915015936
189,100,22,60,0.475068301,0,0,0
189,100,22,100,0.342746258,0,0,0
190,100,20,10,0.476604193,0,0,0.908474684
190,100,20,30,0.476577818,0,0,0.118535526
190,100,20,60,0.475068301,0,0,0
190,100,20,100,0.342746258,0,0,0
191,100,18,10,0.476604193,0,0,1.12069702
191,100,18,30,0.476577818,0,0,0.14698498
191,100,18,60,0.475068301,0,0,0
191,100,18,100,0.342746258,0,0,0
192,100,16,10,0.476604193,0,0,1.35121632
192,100,16,30,0.476577818,0,0,0.178063035
192,100,16,60,0.475068301,0,0,0
192,100,16,100,0.342746258,0,0,0
193,100,14,10,0.476604193,0,0,1.59248543
193,100,14,30,0.476577818,0,0,0.210300729
193,100,14,60,0.475068301,0,0,0
193,100,14,100,0.342746258,0,0,0
194,100,12,10,0.476604193,0,0,1.83235216
194,100,12,30,0.476577818,0,0,0.240987122
194,100,12,60,0.475068301,0,0,0
194,100,12,100,0.342746258,0,0,0
195,100,10,10,0.476604193,0,0,2.06116128
195,100,10,30,0.476577818,0,0,0.270026326
195,100,10,60,0.475068301,0,0,0
195,100,10,100,0.342746258,0,0,0
196,100,8,10,0.476604193,0,0,2.26375389
196,100,8,30,0.476577818,0,0,0.29560709
196,100,8,60,0.475068301,0,0,0
196,100,8,100,0.342746258,0,0,0
197,100,6,10,0.476604193,0,0,2.42805195
197,100,6,30,0.476577818,0,0,0.316539347
197,100,6,60,0.475068301,0,0,0
197,100,6,100,0.342746258,0,0,0
198,100,4,10,0.476604193,0,0,2.54189968
198,100,4,30,0.476577818,0,0,0.331018865
198,100,4,60,0.475068301,0,0,0
198,100,4,100,0.342746258,0,0,0
199,100,2,10,0.476604193,0,0,2.60051703
199,100,2,30,0.476577818,0,0,0.337435335
199,100,2,60,0.475068301,0,0,0
199,100,2,100,0.342746258,0,0,0
200,100,0,10,0.476604193,0,0,2.59566665
200,100,0,30,0.476577818,0,0,0.336521178
200,100,0,60,0.475068301,0,0,0
200,100,0,100,0.342746258,0,0,0
201,100,-2,10,0.476604193,0,0,2.52940965
201,100,-2,30,0.476577818,0,0,0.327973187
201,100,-2,60,0.475068301,0,0,0
201,100,-2,100,0.342746258,0,0,0
202,100,-4,10,0.476604193,0,0,2.40679193
202,100,-4,30,0.476577818,0,0,0.312314063
202,100,-4,60,0.475068301,0,0,0
202,100,-4,100,0.342746258,0,0,0
203,100,-6,10,0.476604193,0,0,2.23580289
203,100,-6,30,0.476577818,0,0,0.290174693
203,100,-6,60,0.475068301,0,0,0
203,100,-6,100,0.342746258,0,0,0
204,100,-8,10,0.476604193,0,0,2.02765799
204,100,-8,30,0.476577818,0,0,0.263225049
204,100,-8,60,0.475068301,0,0,0
204,100,-8,100,0.342746258,0,0,0
205,100,-10,10,0.476604193,0,0,1.79557562
205,100,-10,30,0.476577818,0,0,0.233177736
205,100,-10,60,0.475068301,0,0,0
205,100,-10,100,0.342746258,0,0,0
206,100,-12,10,0.476604193,0,0,1.55313718
206,100,-12,30,0.476577818,0,0,0.201012164
206,100,-12,60,0.475068301,0,0,0
206,100,-12,100,0.342746258,0,0,0
207,100,-14,10,0.476604193,0,0,1.31189835
207,100,-14,30,0.476577818,0,0,0.169884309
207,100,-14,60,0.475068301,0,0,0
207,100,-14,100,0.342746258,0,0,0
208,100,-16,10,0.476604193,0,0,1.08238935
208,100,-16,30,0.476577818,0,0,0.139412507
208,100,-16,60,0.475068301,0,0,0
208,100,-16,100,0.342746258,0,0,0
209,100,-18,10,0.476604193,0,0,0.87231952
209,100,-18,30,0.476577818,0,0,0.110623881
209,100,-18,60,0.475068301,0,0,0
209,100,-18,100,0.342746258,0,0,0
210,100,-20,10,0.476604193,0,0,0.68749845
210,100,-20,30,0.476577818,0,0,0.08502049
210,100,-20,60,0.475068301,0,0,0
210,100,-20,100,0.342746258,0,0,0
211,100,-22,10,0.476604193,0,0,0.528684437
211,100,-22,30,0.476577818,0,0,0.0627091303
211,100,-22,60,0.475068301,0,0,0
211,100,-22,100,0.342746258,0,0,0
212,100,-24,10,0.476604193,0,0,0.398029447
212,100,-24,30,0.476577818,0,0,0.0426989459
212,100,-24,60,0.475068301,0,0,0
212,100,-24,100,0.342746258,0,0,0
213,100,-26,10,0.476604193,0,0,0.29211095
213,100,-26,30,0.476577818,0,0,0.0258775484
213,100,-26,60,0.475068301,0,0,0
213,100,-26,100,0.342746258,0,0,0
214,100,-28,10,0.476604193,0,0,0.208525136
214,100,-28,30,0.476577818,0,0,0.0127693499
214,100,-28,60,0.475068301,0,0,0
214,100,-28,100,0.342746258,0,0,0
215,100,-30,10,0.476604193,0,0,0.144676358
215,100,-30,30,0.476577818,0,0,0.00473467121
215,100,-30,60,0.475068301,0,0,0
215,100,-30,100,0.342746258,0,0,0
216,100,-32,10,0.476604193,0,0,0.0950577781
216,100,-32,30,0.476577818,0,0,0.000957078068
216,100,-32,60,0.475068301,0,0,0
216,100,-32,100,0.342746258,0,0,0
217,100,-34,10,0.476604193,0,0,0.0587671176
217,100,-34,30,0.476577818,0,0,9.2873699e-05
217,100,-34,60,0.475068301,0,0,0
217,100,-34,100,0.342746258,0,0,0
218,100,-36,10,0.476604193,0,0,0.0307566319
218,100,-36,30,0.476577818,0,0,0
218,100,-36,60,0.475068301,0,0,0
218,100,-36,100,0.342746258,0,0,0
219,100,-38,10,0.476604193,0,0,0.0126303611
219,100,-38,30,0.476577818,0,0,0
219,100,-38,60,0.475068301,0,0,0
219,100,-38,100,0.342746258,0,0,0
220,100,-40,10,0.476604193,0,0,0.00310102291
220,100,-40,30,0.476577818,0,0,0
220,100,-40,60,0.475068301,0,0,0
220,100,-40,100,0.342746258,0,0,0
221,100,-38,10,0.476604193,0,0,0.0124140754
221,100,-38,30,0.476577818,0,0,0
221,100,-38,60,0.475068301,0,0,0
221,100,-38,100,0.342746258,0,0,0
222,100,-36,10,0.476604193,0,0,0.0303348079
222,100,-36,30,0.476577818,0,0,0
222,100,-36,60,0.475068301,0,0,0
222,100,-36,100,0.342746258,0,0,0
223,100,-34,10,0.476604193,0,0,0.0594792254
223,100,-34,30,0.476577818,0,0,8.68324787e-05
223,100,-34,60,0.475068301,0,0,0
223,100,-34,100,0.342746258,0,0,0
224,100,-32,10,0.476604193,0,0,0.0966890976
224,100,-32,30,0.476577818,0,0,0.000871293538
224,100,-32,60,0.475068301,0,0,0
224,100,-32,100,0.342746258,0,0,0
225,100,-30,10,0.476604193,0,0,0.144472629
225,100,-30,30,0.476577818,0,0,0.00511225266
225,100,-30,60,0.475068301,0,0,0
225,100,-30,100,0.342746258,0,0,0
226,100,-28,10,0.476604193,0,0,0.208661854
226,100,-28,30,0.476577818,0,0,0.0124293249
226,100,-28,60,0.475068301,0,0,0
226,100,-28,100,0.342746258,0,0,0
227,100,-26,10,0.476604193,0,0,0.29240784
227,100,-26,30,0.476577818,0,0,0.0249754526
227,100,-26,60,0.475068301,0,0,0
227,100,-26,100,0.342746258,0,0,0
228,100,-24,10,0.476604193,0,0,0.398616761
228,100,-24,30,0.476577818,0,0,0.0417014919
228,100,-24,60,0.475068301,0,0,0
228,100,-24,100,0.342746258,0,0,0
229,100,-22,10,0.476604193,0,0,0.530944109
229,100,-22,30,0.476577818,0,0,0.0634011999
229,100,-22,60,0.475068301,0,0,0
229,100,-22,100,0.342746258,0,0,0
230,100,-20,10,0.476604193,0,0,0.689087152
230,100,-20,30,0.476577818,0,0,0.085260354
230,100,-20,60,0.475068301,0,0,0
230,100,-20,100,0.342746258,0,0,0
231,100,-18,10,0.476604193,0,0,0.874553621
231,100,-18,30,0.476577818,0,0,0.111330785
231,100,-18,60,0.475068301,0,0,0
231,100,-18,100,0.342746258,0,0,0
232,100,-16,10,0.476604193,0,0,1.08380187
232,100,-16,30,0.476577818,0,0,0.140005037
232,100,-16,60,0.475068301,0,0,0
232,100,-16,100,0.342746258,0,0,0
233,100,-14,10,0.476604193,0,0,1.3133117
233,100,-14,30,0.476577818,0,0,0.170216799
233,100,-14,60,0.475068301,0,0,0
233,100,-14,100,0.342746258,0,0,0
234,100,-12,10,0.476604193,0,0,1.55481899
234,100,-12,30,0.476577818,0,0,0.20232749
234,100,-12,60,0.475068301,0,0,0
234,100,-12,100,0.342746258,0,0,0
235,100,-10,10,0.476604193,0,0,1.79625642
235,100,-10,30,0.476577818,0,0,0.233161688
235,100,-10,60,0.475068301,0,0,0
235,100,-10,100,0.342746258,0,0,0
236,100,-8,10,0.476604193,0,0,2.02675438
236,100,-8,30,0.476577818,0,0,0.263013452
236,100,-8,60,0.475068301,0,0,0
236,100,-8,100,0.342746258,0,0,0
237,100,-6,10,0.476604193,0,0,2.23321104
237,100,-6,30,0.476577818,0,0,0.289800823
237,100,-6,60,0.475068301,0,0,0
237,100,-6,100,0.342746258,0,0,0
238,100,-4,10,0.476604193,0,0,2.40411758
238,100,-4,30,0.476577818,0,0,0.311669618
238,100,-4,60,0.475068301,0,0,0
238,100,-4,100,0.342746258,0,0,0
239,100,-2,10,0.476604193,0,0,2.52486849
239,100,-2,30,0.476577818,0,0,0.327182978
239,100,-2,60,0.475068301,0,0,0
239,100,-2,100,0.342746258,0,0,0
240,100,0,10,0.476604193,0,0,2.5891161
240,100,0,30,0.476577818,0,0,0.335291296
240,100,0,60,0.475068301,0,0,0
240,100,0,100,0.342746258,0,0,0
241,100,2,10,0.476604193,0,0,2.59235048
241,100,2,30,0.476577818,0,0,0.335973263
241,100,2,60,0.475068301,0,0,0
241,100,2,100,0.342746258,0,0,0
242,100,4,10,0.476604193,0,0,2.533916
242,100,4,30,0.476577818,0,0,0.328656107
242,100,4,60,0.475068301,0,0,0
242,100,4,100,0.342746258,0,0,0
243,100,6,10,0.476604193,0,0,2.41783643
243,100,6,30,0.476577818,0,0,0.314209014
243,100,6,60,0.475068301,0,0,0
243,100,6,100,0.342746258,0,0,0
244,100,8,10,0.476604193,0,0,2.25290155
244,100,8,30,0.476577818,0,0,0.29343456
244,100,8,60,0.475068301,0,0,0
244,100,8,100,0.342746258,0,0,0
245,100,10,10,0.476604193,0,0,2.05005527
245,100,10,30,0.476577818,0,0,0.267493546
245,100,10,60,0.475068301,0,0,0
245,100,10,100,0.342746258,0,0,0
246,100,12,10,0.476604193,0,0,1.82172692
246,100,12,30,0.476577818,0,0,0.23853834
246,100,12,60,0.475068301,0,0,0
246,100,12,100,0.342746258,0,0,0
247,100,14,10,0.476604193,0,0,1.58108294
247,100,14,30,0.476577818,0,0,0.207582846
247,100,14,60,0.475068301,0,0,0
247,100,14,100,0.342746258,0,0,0
248,100,16,10,0.476604193,0,0,1.34094083
248,100,16,30,0.476577818,0,0,0.176305011
248,100,16,60,0.475068301,0,0,0
248,100,16,100,0.342746258,0,0,0
249,100,18,10,0.476604193,0,0,1.11094487
249,100,18,30,0.476577818,0,0,0.145782173
249,100,18,60,0.475068301,0,0,0
249,100,18,100,0.342746258,0,0,0
250,100,20,10,0.476604193,0,0,0.899205863
250,100,20,30,0.476577818,0,0,0.116849825
250,100,20,60,0.475068301,0,0,0
250,100,20,100,0.342746258,0,0,0
251,100,22,10,0.476604193,0,0,0.710995257
251,100,22,30,0.476577818,0,0,0.0911994204
251,100,22,60,0.475068301,0,0,0
251,100,22,100,0.342746258,0,0,0
252,100,24,10,0.476604193,0,0,0.550118566
252,100,24,30,0.476577818,0,0,0.0687277392
252,100,24,60,0.475068301,0,0,0
252,100,24,100,0.342746258,0,0,0
253,100,26,10,0.476604193,0,0,0.416000873
253,100,26,30,0.476577818,0,0,0.0456966944
253,100,26,60,0.475068301,0,0,0
253,100,26,100,0.342746258,0,0,0
254,100,28,10,0.476604193,0,0,0.308178812
254,100,28,30,0.476577818,0,0,0.0281872675
254,100,28,60,0.475068301,0,0,0
254,100,28,100,0.342746258,0,0,0
255,100,30,10,0.476604193,0,0,0.221870914
255,100,30,30,0.476577818,0,0,0.0140960887
255,100,30,60,0.475068301,0,0,0
255,100,30,100,0.342746258,0,0,0
256,100,32,10,0.476604193,0,0,0.155313104
256,100,32,30,0.476577818,0,0,0.00447680289
256,100,32,60,0.475068301,0,0,0
256,100,32,100,0.342746258,0,0,0
257,100,34,10,0.476604193,0,0,0.104279324
257,100,34,30,0.476577818,0,0,0.00128370267
257,100,34,60,0.475068301,0,0,0
257,100,34,100,0.342746258,0,0,0
258,100,36,10,0.476604193,0,0,0.0662741065
258,100,36,30,0.476577818,0,0,0.000264130096
258,100,36,60,0.475068301,0,0,0
258,100,36,100,0.342746258,0,0,0
259,100,38,10,0.476604193,0,0,0.0371772945
259,100,38,30,0.476577818,0,0,0
259,100,38,60,0.475068301,0,0,0
259,100,38,100,0.342746258,0,0,0
260,100,40,10,0.476604193,0,0,0.015520853
260,100,40,30,0.476577818,0,0,0
260,100,40,60,0.475068301,0,0,0
260,100,40,100,0.342746258,0,0,0
261,102,40,10,0.476604193,0,0,0.0200837478
261,102,40,30,0.476577818,0,0,0
261,102,40,60,0.475068301,0,0,0
261,102,40,100,0.342746258,0,0,0
262,104,40,10,0.476604193,0,0,0.0247902758
262,104,40,30,0.476577818,0,0,0
262,104,40,60,0.475068301,0,0,0
262,104,40,100,0.342746258,0,0,0
263,106,40,10,0.476604193,0,0,0.029084025
263,106,40,30,0.476577818,0,0,0
263,106,40,60,0.475068301,0,0,0
263,106,40,100,0.342746258,0,0,0
264,108,40,10,0.476604193,0,0,0.0329965465
264,108,40,30,0.476577818,0,0,0
264,108,40,60,0.475068301,0,0,0
264,108,40,100,0.342746258,0,0,0
265,110,40,10,0.476604193,0,0,0.0375882983
265,110,40,30,0.476577818,0,0,0
265,110,40,60,0.475068301,0,0,0
265,110,40,100,0.342746258,0,0,0
266,112,40,10,0.476604193,0,0,0.0415483341
266,112,40,30,0.476577818,0,0,0.000218899746
266,112,40,60,0.475068301,0,0,0
266,112,40,100,0.342746258,0,0,0
267,114,40,10,0.476604193,0,0,0.0464110672
267,114,40,30,0.476577818,0,0,0.000597164093
267,114,40,60,0.475068301,0,0,0
267,114,40,100,0.342746258,0,0,0
268,116,40,10,0.476604193,0,0,0.0508541018
268,116,40,30,0.476577818,0,0,0.0010548135
268,116,40,60,0.475068301,0,0,0
268,116,40,100,0.342746258,0,0,0
269,118,40,10,0.476604193,0,0,0.0556804538
269,118,40,30,0.476577818,0,0,0.0016043965
269,118,40,60,0.475068301,0,0,0
269,118,40,100,0.342746258,0,0,0
270,120,40,10,0.476604193,0,0,0.0603927448
270,120,40,30,0.476577818,0,0,0.00228675455
270,120,40,60,0.475068301,0,0,0
270,120,40,100,0.342746258,0,0,0
271,122,40,10,0.476604193,0,0,0.0647228882
271,122,40,30,0.476577818,0,0,0.00329209235
271,122,40,60,0.475068301,0,0,0
271,122,40,100,0.342746258,0,0,0
272,124,40,10,0.476604193,0,0,0.0688763782
272,124,40,30,0.476577818,0,0,0.00462231273
272,124,40,60,0.475068301,0,0,0
272,124,40,100,0.342746258,0,0,0
273,126,40,10,0.476604193,0,0,0.0735366195
273,126,40,30,0.476577818,0,0,0.00633203611
273,126,40,60,0.475068301,0,0,0
273,126,40,100,0.342746258,0,0,0
274,128,40,10,0.476604193,0,0,0.0782529786
274,128,40,30,0.476577818,0,0,0.00803200342
274,128,40,60,0.475068301,0,0,0
274,128,40,100,0.342746258,0,0,0
275,130,40,10,0.476604193,0,0,0.0823694021
275,130,40,30,0.476577818,0,0,0.00963320304
275,130,40,60,0.475068301,0,0,0
275,130,40,100,0.342746258,0,0,0
276,130,38,10,0.476604193,0,0,0.115213364
276,130,38,30,0.476577818,0,0,0.0184515454
276,130,38,60,0.475068301,0,0,0
276,130,38,100,0.342746258,0,0,0
277,130,36,10,0.476604193,0,0,0.157188043
277,130,36,30,0.476577818,0,0,0.0302151367
277,130,36,60,0.475068301,0,0,0
277,130,36,100,0.342746258,0,0,0
278,130,34,10,0.476604193,0,0,0.209100738
278,130,34,30,0.476577818,0,0,0.04459491
278,130,34,60,0.475068301,0,0,0
278,130,34,100,0.342746258,0,0,0
279,130,32,10,0.476604193,0,0,0.274809182
279,130,32,30,0.476577818,0,0,0.0614645295
279,130,32,60,0.475068301,0,0,0
279,130,32,100,0.342746258,0,0,0
280,130,30,10,0.476604193,0,0,0.353493452
280,130,30,30,0.476577818,0,0,0.0818886906
280,130,30,60,0.475068301,0,0,0
280,130,30,100,0.342746258,0,0,0
281,130,28,10,0.476604193,0,0,0.44679004
281,130,28,30,0.476577818,0,0,0.104747787
281,130,28,60,0.475068301,0,0,0
281,130,28,100,0.342746258,0,0,0
282,130,26,10,0.476604193,0,0,0.554646015
282,130,26,30,0.476577818,0,0,0.131169409
282,130,26,60,0.475068301,0,0,0
282,130,26,100,0.342746258,0,0,0
283,130,24,10,0.476604193,0,0,0.677091122
283,130,24,30,0.476577818,0,0,0.161169365
283,130,24,60,0.475068301,0,0,0
283,130,24,100,0.342746258,0,0,0
284,130,22,10,0.476604193,0,0,0.812932074
284,130,22,30,0.476577818,0,0,0.194671914
284,130,22,60,0.475068301,0,0,0
284,130,22,100,0.342746258,0,0,0
285,130,20,10,0.476604193,0,0,0.960027456
285,130,20,30,0.476577818,0,0,0.229985967
285,130,20,60,0.475068301,0,0,0
285,130,20,100,0.342746258,0,0,0
286,130,18,10,0.476604193,0,0,1.11453676
286,130,18,30,0.476577818,0,0,0.266381115
286,130,18,60,0.475068301,0,0,0
286,130,18,100,0.342746258,0,0,0
287,130,16,10,0.476604193,0,0,1.27313685
287,130,16,30,0.476577818,0,0,0.30334416
287,130,16,60,0.475068301,0,0,0
287,130,16,100,0.342746258,0,0,0
288,130,14,10,0.476604193,0,0,1.42934096
288,130,14,30,0.476577818,0,0,0.340648741
288,130,14,60,0.475068301,0,0,0
288,130,14,100,0.342746258,0,0,0
289,130,12,10,0.476604193,0,0,1.57822025
289,130,12,30,0.476577818,0,0,0.3752186
289,130,12,60,0.475068301,0,0,0
289,130,12,100,0.342746258,0,0,0
290,130,10,10,0.476604193,0,0,1.71287584
290,130,10,30,0.476577818,0,0,0.406972349
290,130,10,60,0.475068301,0,0,0
290,130,10,100,0.342746258,0,0,0
291,130,8,10,0.476604193,0,0,1.82755101
291,130,8,30,0.476577818,0,0,0.433177859
291,130,8,60,0.475068301,0,0,0
291,130,8,100,0.342746258,0,0,0
292,130,6,10,0.476604193,0,0,1.9165709
292,130,6,30,0.476577818,0,0,0.453754097
292,130,6,60,0.475068301,0,0,0
292,130,6,100,0.342746258,0,0,0
293,130,4,10,0.476604193,0,0,1.97478974
293,130,4,30,0.476577818,0,0,0.467520624
293,130,4,60,0.475068301,0,0,0
293,130,4,100,0.342746258,0,0,0
294,130,2,10,0.476604193,0,0,2.00022101
294,130,2,30,0.476577818,0,0,0.473563373
294,130,2,60,0.475068301,0,0,0
294,130,2,100,0.342746258,0,0,0
295,130,0,10,0.476604193,0,0,1.9918704
295,130,0,30,0.476577818,0,0,0.471334904
295,130,0,60,0.475068301,0,0,0
295,130,0,100,0.342746258,0,0,0
296,130,-2,10,0.476604193,0,0,1.94885516
296,130,-2,30,0.476577818,0,0,0.461455703
296,130,-2,60,0.475068301,0,0,0
296,130,-2,100,0.342746258,0,0,0
297,130,-4,10,0.476604193,0,0,1.8736912
297,130,-4,30,0.476577818,0,0,0.443795413
297,130,-4,60,0.475068301,0,0,0
297,130,-4,100,0.342746258,0,0,0
298,130,-6,10,0.476604193,0,0,1.77040207
298,130,-6,30,0.476577818,0,0,0.419401824
298,130,-6,60,0.475068301,0,0,0
298,130,-6,100,0.342746258,0,0,0
299,130,-8,10,0.476604193,0,0,1.64390099
299,130,-8,30,0.476577818,0,0,0.389965117
299,130,-8,60,0.475068301,0,0,0
299,130,-8,100,0.342746258,0,0,0
