TYPE_SQRT_FLOAT=8
TYPE_EXP_FLOAT=8
PI_CUBED=31.006277084350586
draw,0,2.0736184120178223,0.59417074918746948
draw,1,-1.3226149082183838,0.38289457559585571
draw,2,2.5289597511291504,0.9145851731300354
draw,3,2.1750426292419434,-0.80996900796890259
draw,4,-1.3650659322738647,0.6309693455696106
draw,5,2.8443388938903809,0.30717197060585022
draw,6,2.5668792724609375,0.70901668071746826
draw,7,-0.89482975006103516,-0.16235534846782684
draw,8,1.1617963314056396,0.50919389724731445
draw,9,-0.45916485786437988,1.2388265132904053
draw,10,-1.5122979879379272,0.062527194619178772
draw,11,0.73610305786132812,1.5571109056472778
draw,12,-0.60750889778137207,0.96247750520706177
draw,13,-1.0580902099609375,-0.33955419063568115
draw,14,0.73440742492675781,1.8373677730560303
draw,15,2.9644064903259277,0.062306825071573257
draw,16,2.787534236907959,-1.5472979545593262
draw,17,2.9823064804077148,-0.24617291986942291
draw,18,2.8244423866271973,0.122153639793396
draw,19,2.8384747505187988,-0.21096576750278473
draw,20,-1.2119345664978027,-0.066060781478881836
draw,21,1.6291947364807129,1.2134565114974976
draw,22,2.852963924407959,0.77166926860809326
draw,23,2.9055485725402832,0.065669775009155273
draw,24,2.785834789276123,1.9761998653411865
draw,25,-1.4506912231445312,0.40295502543449402
draw,26,0.42687821388244629,0.24134954810142517
draw,27,1.9905290603637695,0.24029780924320221
draw,28,2.0014023780822754,-0.3474791944026947
draw,29,-0.51485276222229004,-1.571298360824585
draw,30,-1.2905683517456055,1.5185168981552124
draw,31,-1.9760825634002686,0.45077809691429138
draw,32,0.10880637168884277,1.3327949047088623
draw,33,-1.4376773834228516,1.4480284452438354
draw,34,2.5786776542663574,1.7124874591827393
draw,35,1.1988167762756348,0.28105294704437256
draw,36,1.9610364437103271,1.2062053680419922
draw,37,2.392153263092041,0.65799766778945923
draw,38,2.7974624633789062,0.89505034685134888
draw,39,0.51831340789794922,0.80764943361282349
draw,40,1.2787034511566162,0.39748096466064453
draw,41,1.9896430969238281,1.0811684131622314
draw,42,-1.821441650390625,1.7435022592544556
draw,43,-0.19352996349334717,-0.84878981113433838
draw,44,2.2456464767456055,0.92287522554397583
draw,45,-0.94037830829620361,0.070300087332725525
draw,46,2.6699662208557129,1.0347944498062134
draw,47,1.4067976474761963,-0.024158239364624023
draw,48,1.3936758041381836,0.60457009077072144
draw,49,-0.0063073635101318359,0.41704601049423218
draw,50,1.7887005805969238,1.8835470676422119
draw,51,1.7032363414764404,0.93683463335037231
draw,52,1.7156624794006348,1.3625986576080322
draw,53,0.37379336357116699,1.5536023378372192
draw,54,-0.038864850997924805,1.3203738927841187
draw,55,0.11043834686279297,-1.1400474309921265
draw,56,1.2773895263671875,0.62275564670562744
draw,57,-1.1306741237640381,-0.51831138134002686
draw,58,-1.1440665721893311,-0.87170100212097168
draw,59,-0.49043440818786621,-0.50396865606307983
draw,60,1.5302305221557617,-0.71789640188217163
draw,61,1.9863994121551514,1.3993769884109497
draw,62,-1.8408358097076416,-0.92824602127075195
draw,63,-0.41724777221679688,-0.53582799434661865
draw,64,-0.61538517475128174,-0.082289770245552063
draw,65,2.3621439933776855,1.8342217206954956
draw,66,-1.7691431045532227,0.42103996872901917
draw,67,-1.2544300556182861,1.1038744449615479
draw,68,-1.5143411159515381,0.79396933317184448
draw,69,2.9703426361083984,1.1889644861221313
draw,70,2.1172890663146973,0.43882369995117188
draw,71,2.1095166206359863,-0.43370348215103149
draw,72,1.4741430282592773,0.77246159315109253
draw,73,-1.3740861415863037,-1.1672194004058838
draw,74,-0.41450262069702148,0.90958315134048462
draw,75,1.8187501430511475,0.67025023698806763
draw,76,2.7511105537414551,2.8330264091491699
draw,77,0.45294523239135742,0.74767434597015381
draw,78,-1.8277696371078491,-1.7432464361190796
draw,79,1.3180274963378906,0.71793782711029053
draw,80,0.19372177124023438,-1.3855108022689819
draw,81,-1.3705167770385742,1.8035719394683838
draw,82,-0.092207789421081543,0.74829357862472534
draw,83,-0.94895458221435547,1.4498941898345947
draw,84,1.8275840282440186,0.78338164091110229
draw,85,-1.7439178228378296,0.49901759624481201
draw,86,1.9759995937347412,1.7767711877822876
draw,87,-1.8177937269210815,-0.25680777430534363
draw,88,-1.0656369924545288,1.2408765554428101
draw,89,0.043655872344970703,0.1398671567440033
draw,90,0.448822021484375,0.58825039863586426
draw,91,0.28994584083557129,0.21343778073787689
draw,92,0.22793102264404297,-0.012609770521521568
draw,93,0.43784451484680176,0.77152454853057861
draw,94,1.231564998626709,1.2057991027832031
draw,95,1.9698748588562012,-0.071188591420650482
draw,96,1.5468242168426514,0.64292281866073608
draw,97,2.6043739318847656,-0.041683431714773178
draw,98,1.7734332084655762,-1.7077023983001709
draw,99,2.0376548767089844,1.45000159740448
cache,0,0.48771056532859802
cache,1,0.65478920936584473
cache,2,0.508156418800354
cache,3,0.15266282856464386
cache,4,0.23492977023124695
cache,5,0.71186137199401855
cache,6,0.38432478904724121
cache,7,0.2252299040555954
cache,8,0.33610674738883972
cache,9,0.23717977106571198
cache,10,0.022519916296005249
cache,11,0.040569990873336792
cache,12,0.083168283104896545
cache,13,0.22339677810668945
cache,14,0.4894355833530426
cache,15,0.4320361316204071
cache,16,0.39448088407516479
cache,17,0.15749084949493408
cache,18,0.42074733972549438
cache,19,0.074470654129981995
cache,20,0.19053201377391815
cache,21,0.40442568063735962
cache,22,0.37713456153869629
cache,23,-0.098234802484512329
cache,24,0.19447378814220428
cache,25,0.33898863196372986
cache,26,0.54283899068832397
cache,27,0.24636441469192505
cache,28,0.22934696078300476
cache,29,-0.22006088495254517
cache,30,0.24956987798213959
cache,31,0.16039551794528961
cache,32,0.55346333980560303
cache,33,0.35404664278030396
cache,34,0.3559105396270752
cache,35,0.20228767395019531
cache,36,0.27112263441085815
cache,37,0.31848469376564026
cache,38,0.22413113713264465
cache,39,0.44133865833282471
cache,40,0.58833527565002441
cache,41,0.37665921449661255
cache,42,0.327627032995224
cache,43,0.37001585960388184
cache,44,0.26091527938842773
cache,45,0.22902540862560272
cache,46,0.1551140695810318
cache,47,0.23071134090423584
cache,48,0.39680036902427673
cache,49,0.34937849640846252
cache,50,0.56907808780670166
cache,51,0.3011552095413208
cache,52,0.43836706876754761
cache,53,0.11549343168735504
cache,54,0.38847830891609192
cache,55,0.31401601433753967
cache,56,0.34958457946777344
cache,57,0.59889388084411621
cache,58,0.29474785923957825
cache,59,0.50397872924804688
cache,60,0.2811906635761261
cache,61,0.44666200876235962
cache,62,0.35359928011894226
cache,63,0.11915144324302673
