shapes (3, 6, 4, 10, 30) (3, 6, 12, 10, 30)
max original difference 4.656612873077393e-10
                                             rank      top1  pair_margin
env method                                                              
0   B0                                   1.500000  0.500000     0.417561
    B2                                   1.333333  0.750000  2389.349033
    M                                    1.500000  0.500000     0.697810
    U                                    1.250000  0.750000    27.759404
    posthoc_M_unconditional_sameprofile  1.500000  0.500000     0.343308
    posthoc_U_static                     1.291667  0.708333    14.983116
    posthoc_mark_only                    1.583333  0.500000     0.280249
1   B0                                   1.750000  0.500000     1.902601
    B2                                   1.500000  0.583333   -19.107964
    M                                    1.708333  0.541667     2.188423
    U                                    1.583333  0.666667    24.765170
    posthoc_M_unconditional_sameprofile  1.750000  0.500000     2.113629
    posthoc_U_static                     1.666667  0.583333     9.585140
    posthoc_mark_only                    1.541667  0.500000     0.285821
2   B0                                   1.500000  0.500000     0.177530
    B2                                   1.458333  0.583333   -22.029918
    M                                    1.500000  0.500000     0.220167
    U                                    1.333333  0.666667    15.283281
    posthoc_M_unconditional_sameprofile  1.500000  0.500000     0.217300
    posthoc_U_static                     1.416667  0.583333     4.436708
    posthoc_mark_only                    2.208333  0.291667     0.042637
bank:
 env  source  p_zero  p_below_floor  p_above_ceiling   mu_min  mu_median_pos     mu_max  mu_nearone      u_max
   0       0       1              2                0 0.000000       2.175863  54.174461           6  53.442820
   0       1       0              2                0 1.000000       2.012661  42.799414           8  42.142367
   0       2       3              3                1 0.000000       2.294490 251.692483           3 251.692472
   0       3       3              3                1 0.000000       2.297258 210.741686           3 210.741683
   0       4      13             13                1 0.000000       2.652897 180.485487           2 180.485430
   0       5      13             13                1 0.000000       2.653095 158.840266           2 158.840147
   1       0       1              1                0 0.000000       2.484202  27.405350           1  25.576685
   1       1       1              1                0 0.000000       2.481990  31.069741           2  29.287589
   1       2       2              3                0 0.000000       1.159982 246.787804          11 246.662892
   1       3       2              3                0 0.000000       1.127458 233.891506          12 233.768698
   1       4       8             15                0 0.000000       1.092596  24.440512          11  23.857926
   1       5       6              9                0 0.000000       1.066438  41.660464          12  41.309686
   2       0       0              1                0 1.000263       1.568542  39.730123           8  38.952832
   2       1       0              0                0 1.000061       1.593930  38.122800           7  37.238693
   2       2       0              1                1 1.000000       1.075028 164.210680          16 164.210517
   2       3       0              0                0 1.000000       1.100326 144.228039          15 144.227759
   2       4      18             20                0 0.000000       1.397475  24.333666           5  23.955779
   2       5      19             20                0 0.000000       1.982518  44.770666           3  44.510857
profile all candidate:
                 n        r2           rho  zero_slope  zero_template
env template                                                         
0   M         81.0  0.000000 -1.817196e-01    0.555556       7.277778
    U         81.0  0.000000 -1.457330e-02    0.555556      30.944444
    U_static  81.0  0.000000 -1.459098e-01    0.569444      25.534722
    u_log     81.0  0.000000 -2.648630e-01    0.555556       7.277778
1   M         69.5  0.002385  4.880611e-02    0.430556       5.284722
    U         69.5  0.017202  1.311528e-01    0.423611      29.090278
    U_static  69.5  0.093515  3.058024e-01    0.375000      20.354167
    u_log     69.5  0.000000 -1.136077e-02    0.513889       5.284722
2   M         46.0  0.000000  2.782691e-18    0.520833       2.930556
    U         46.0  0.000687  2.296443e-02    0.486111      20.138889
    U_static  46.0  0.000000  1.690214e-17    0.541667      18.145833
    u_log     46.0  0.000000 -1.046251e-01    0.666667       2.930556
profile true only:
                 n        r2       rho  zero_slope  zero_template
env template                                                     
0   M         81.0  0.499881  0.706952    0.000000       0.000000
    U         81.0  0.881480  0.938817    0.000000       0.750000
    U_static  81.0  0.831702  0.911976    0.000000       0.000000
    u_log     81.0  0.533758  0.730449    0.000000       0.000000
1   M         69.5  0.140701  0.374980    0.000000       0.833333
    U         69.5  0.908983  0.953406    0.000000       1.541667
    U_static  69.5  0.747268  0.864447    0.000000       0.333333
    u_log     69.5  0.407132  0.638058    0.083333       0.833333
2   M         46.0  0.387121  0.621907    0.125000       0.000000
    U         46.0  0.917952  0.958097    0.000000       0.416667
    U_static  46.0  0.713020  0.844401    0.000000       0.333333
    u_log     46.0  0.436781  0.660838    0.041667       0.000000
