"U:0","U:1","U:2","Points:0","Points:1","Points:2"
0.00022346,-0.0010602,0.00065968,-7.485,-7.8,-0.67854
0.00039651,-0.0011204,0.00089973,-7.4124,-7.8114,-0.69026
0.0010056,-0.0016198,0.0012633,-7.3091,-7.8119,-0.69126
0.0020827,-0.0022306,0.0017018,-7.2051,-7.8124,-0.69167
0.0037132,-0.0027381,0.0020847,-7.1024,-7.8131,-0.69155
0.0045476,-0.0038402,0.001594,-7.0371,-7.8154,-0.6934
0.0049236,-0.001491,0.00098904,-6.9006,-7.8284,-0.70512
0.0053613,-0.0014159,0.0014295,-6.8004,-7.8312,-0.70305
0.0047834,-0.0011076,0.0017583,-6.7004,-7.8331,-0.70053
0.0040132,-0.0021916,0.0046918,-6.6423,-7.839,-0.70425
0.0035601,-0.0015995,0.0051472,-6.5268,-7.8118,-0.67611
-0.00086957,5.8391e-05,0.00096545,-6.2783,-7.8079,-0.67521
-0.0014436,-1.4716e-05,0.0010087,-6.2401,-7.8194,-0.68772
-0.0020497,-0.00036078,0.00088094,-6.1063,-7.8308,-0.70079
-0.00284,-0.00077473,0.0010948,-6.005,-7.8287,-0.70349
-0.0033962,-0.001107,0.0012029,-5.9033,-7.8268,-0.70531
-0.0035207,-0.0016567,0.0013844,-5.802,-7.8256,-0.70597
-0.0034225,-0.0053649,0.003321,-5.7427,-7.8298,-0.71184
-0.0029888,-0.0054178,0.0044233,-5.6007,-7.8126,-0.692
